service_id,monday,tuesday,wednesday,thursday,friday,saturday,sunday,start_date,end_date                                                               
1055V,0,0,0,0,1,0,0,20251121,20251121                                                                                                                 
1056S,0,0,0,0,0,1,0,20251122,20251122                                                                                                                 
1057D,0,0,0,0,0,0,1,20251123,20251123                                                                                                                 
1058L,1,0,0,0,0,0,0,20251124,20251124                                                                                                                 
1059M,0,1,0,0,0,0,0,20251125,20251125                                                                                                                 
1060X,0,0,1,0,0,0,0,20251126,20251126                                                                                                                 
1061J,0,0,0,1,0,0,0,20251127,20251127                                                                                                                 
1062V,0,0,0,0,1,0,0,20251128,20251128                                                                                                                 
1063S,0,0,0,0,0,1,0,20251129,20251129                                                                                                                 
1064D,0,0,0,0,0,0,1,20251130,20251130                                                                                                                 
1065L,1,0,0,0,0,0,0,20251201,20251201                                                                                                                 
1066M,0,1,0,0,0,0,0,20251202,20251202                                                                                                                 
1067X,0,0,1,0,0,0,0,20251203,20251203                                                                                                                 
1068J,0,0,0,1,0,0,0,20251204,20251204                                                                                                                 
1069V,0,0,0,0,1,0,0,20251205,20251205                                                                                                                 
1070S,0,0,0,0,0,1,0,20251206,20251206                                                                                                                 
1071D,0,0,0,0,0,0,1,20251207,20251207                                                                                                                 
1072L,1,0,0,0,0,0,0,20251208,20251208                                                                                                                 
1073M,0,1,0,0,0,0,0,20251209,20251209                                                                                                                 
1074X,0,0,1,0,0,0,0,20251210,20251210                                                                                                                 
1075J,0,0,0,1,0,0,0,20251211,20251211                                                                                                                 
1076V,0,0,0,0,1,0,0,20251212,20251212                                                                                                                 
1077S,0,0,0,0,0,1,0,20251213,20251213                                                                                                                 
1078D,0,0,0,0,0,0,1,20251214,20251214                                                                                                                 
1079L,1,0,0,0,0,0,0,20251215,20251215                                                                                                                 
1080M,0,1,0,0,0,0,0,20251216,20251216                                                                                                                 
1081X,0,0,1,0,0,0,0,20251217,20251217                                                                                                                 
1082J,0,0,0,1,0,0,0,20251218,20251218                                                                                                                 
1083V,0,0,0,0,1,0,0,20251219,20251219                                                                                                                 
1084S,0,0,0,0,0,1,0,20251220,20251220                                                                                                                 
2055V,0,0,0,0,1,0,0,20251121,20251121                                                                                                                 
2056S,0,0,0,0,0,1,0,20251122,20251122                                                                                                                 
2057D,0,0,0,0,0,0,1,20251123,20251123                                                                                                                 
2058L,1,0,0,0,0,0,0,20251124,20251124                                                                                                                 
2059M,0,1,0,0,0,0,0,20251125,20251125                                                                                                                 
2060X,0,0,1,0,0,0,0,20251126,20251126                                                                                                                 
2061J,0,0,0,1,0,0,0,20251127,20251127                                                                                                                 
2062V,0,0,0,0,1,0,0,20251128,20251128                                                                                                                 
2063S,0,0,0,0,0,1,0,20251129,20251129                                                                                                                 
2064D,0,0,0,0,0,0,1,20251130,20251130                                                                                                                 
2065L,1,0,0,0,0,0,0,20251201,20251201                                                                                                                 
2066M,0,1,0,0,0,0,0,20251202,20251202                                                                                                                 
2067X,0,0,1,0,0,0,0,20251203,20251203                                                                                                                 
2068J,0,0,0,1,0,0,0,20251204,20251204                                                                                                                 
2069V,0,0,0,0,1,0,0,20251205,20251205                                                                                                                 
2070S,0,0,0,0,0,1,0,20251206,20251206                                                                                                                 
2071D,0,0,0,0,0,0,1,20251207,20251207                                                                                                                 
2072L,1,0,0,0,0,0,0,20251208,20251208                                                                                                                 
2073M,0,1,0,0,0,0,0,20251209,20251209                                                                                                                 
2074X,0,0,1,0,0,0,0,20251210,20251210                                                                                                                 
2075J,0,0,0,1,0,0,0,20251211,20251211                                                                                                                 
2076V,0,0,0,0,1,0,0,20251212,20251212                                                                                                                 
2077S,0,0,0,0,0,1,0,20251213,20251213                                                                                                                 
2078D,0,0,0,0,0,0,1,20251214,20251214                                                                                                                 
2079L,1,0,0,0,0,0,0,20251215,20251215                                                                                                                 
2080M,0,1,0,0,0,0,0,20251216,20251216                                                                                                                 
2081X,0,0,1,0,0,0,0,20251217,20251217                                                                                                                 
2082J,0,0,0,1,0,0,0,20251218,20251218                                                                                                                 
2083V,0,0,0,0,1,0,0,20251219,20251219                                                                                                                 
2084S,0,0,0,0,0,1,0,20251220,20251220                                                                                                                 
3055V,0,0,0,0,1,0,0,20251121,20251121                                                                                                                 
3056S,0,0,0,0,0,1,0,20251122,20251122                                                                                                                 
3057D,0,0,0,0,0,0,1,20251123,20251123                                                                                                                 
3058L,1,0,0,0,0,0,0,20251124,20251124                                                                                                                 
3059M,0,1,0,0,0,0,0,20251125,20251125                                                                                                                 
3060X,0,0,1,0,0,0,0,20251126,20251126                                                                                                                 
3061J,0,0,0,1,0,0,0,20251127,20251127                                                                                                                 
3062V,0,0,0,0,1,0,0,20251128,20251128                                                                                                                 
3063S,0,0,0,0,0,1,0,20251129,20251129                                                                                                                 
3064D,0,0,0,0,0,0,1,20251130,20251130                                                                                                                 
3065L,1,0,0,0,0,0,0,20251201,20251201                                                                                                                 
3066M,0,1,0,0,0,0,0,20251202,20251202                                                                                                                 
3067X,0,0,1,0,0,0,0,20251203,20251203                                                                                                                 
3068J,0,0,0,1,0,0,0,20251204,20251204                                                                                                                 
3069V,0,0,0,0,1,0,0,20251205,20251205                                                                                                                 
3070S,0,0,0,0,0,1,0,20251206,20251206                                                                                                                 
3071D,0,0,0,0,0,0,1,20251207,20251207                                                                                                                 
3072L,1,0,0,0,0,0,0,20251208,20251208                                                                                                                 
3073M,0,1,0,0,0,0,0,20251209,20251209                                                                                                                 
3074X,0,0,1,0,0,0,0,20251210,20251210                                                                                                                 
3075J,0,0,0,1,0,0,0,20251211,20251211                                                                                                                 
3076V,0,0,0,0,1,0,0,20251212,20251212                                                                                                                 
3077S,0,0,0,0,0,1,0,20251213,20251213                                                                                                                 
3078D,0,0,0,0,0,0,1,20251214,20251214                                                                                                                 
3079L,1,0,0,0,0,0,0,20251215,20251215                                                                                                                 
3080M,0,1,0,0,0,0,0,20251216,20251216                                                                                                                 
3081X,0,0,1,0,0,0,0,20251217,20251217                                                                                                                 
3082J,0,0,0,1,0,0,0,20251218,20251218                                                                                                                 
3083V,0,0,0,0,1,0,0,20251219,20251219                                                                                                                 
3084S,0,0,0,0,0,1,0,20251220,20251220                                                                                                                 
3155V,0,0,0,0,1,0,0,20251121,20251121                                                                                                                 
3156S,0,0,0,0,0,1,0,20251122,20251122                                                                                                                 
3157D,0,0,0,0,0,0,1,20251123,20251123                                                                                                                 
3158L,1,0,0,0,0,0,0,20251124,20251124                                                                                                                 
3159M,0,1,0,0,0,0,0,20251125,20251125                                                                                                                 
3160X,0,0,1,0,0,0,0,20251126,20251126                                                                                                                 
3161J,0,0,0,1,0,0,0,20251127,20251127                                                                                                                 
3162V,0,0,0,0,1,0,0,20251128,20251128                                                                                                                 
3163S,0,0,0,0,0,1,0,20251129,20251129                                                                                                                 
3164D,0,0,0,0,0,0,1,20251130,20251130                                                                                                                 
3165L,1,0,0,0,0,0,0,20251201,20251201                                                                                                                 
3166M,0,1,0,0,0,0,0,20251202,20251202                                                                                                                 
3167X,0,0,1,0,0,0,0,20251203,20251203                                                                                                                 
3168J,0,0,0,1,0,0,0,20251204,20251204                                                                                                                 
3169V,0,0,0,0,1,0,0,20251205,20251205                                                                                                                 
3170S,0,0,0,0,0,1,0,20251206,20251206                                                                                                                 
3171D,0,0,0,0,0,0,1,20251207,20251207                                                                                                                 
3172L,1,0,0,0,0,0,0,20251208,20251208                                                                                                                 
3173M,0,1,0,0,0,0,0,20251209,20251209                                                                                                                 
3174X,0,0,1,0,0,0,0,20251210,20251210                                                                                                                 
3175J,0,0,0,1,0,0,0,20251211,20251211                                                                                                                 
3176V,0,0,0,0,1,0,0,20251212,20251212                                                                                                                 
3177S,0,0,0,0,0,1,0,20251213,20251213                                                                                                                 
3178D,0,0,0,0,0,0,1,20251214,20251214                                                                                                                 
3179L,1,0,0,0,0,0,0,20251215,20251215                                                                                                                 
3180M,0,1,0,0,0,0,0,20251216,20251216                                                                                                                 
3181X,0,0,1,0,0,0,0,20251217,20251217                                                                                                                 
3182J,0,0,0,1,0,0,0,20251218,20251218                                                                                                                 
3183V,0,0,0,0,1,0,0,20251219,20251219                                                                                                                 
3184S,0,0,0,0,0,1,0,20251220,20251220                                                                                                                 
3255V,0,0,0,0,1,0,0,20251121,20251121                                                                                                                 
3256S,0,0,0,0,0,1,0,20251122,20251122                                                                                                                 
3257D,0,0,0,0,0,0,1,20251123,20251123                                                                                                                 
3258L,1,0,0,0,0,0,0,20251124,20251124                                                                                                                 
3259M,0,1,0,0,0,0,0,20251125,20251125                                                                                                                 
3260X,0,0,1,0,0,0,0,20251126,20251126                                                                                                                 
3261J,0,0,0,1,0,0,0,20251127,20251127                                                                                                                 
3262V,0,0,0,0,1,0,0,20251128,20251128                                                                                                                 
3263S,0,0,0,0,0,1,0,20251129,20251129                                                                                                                 
3264D,0,0,0,0,0,0,1,20251130,20251130                                                                                                                 
3265L,1,0,0,0,0,0,0,20251201,20251201                                                                                                                 
3266M,0,1,0,0,0,0,0,20251202,20251202                                                                                                                 
3267X,0,0,1,0,0,0,0,20251203,20251203                                                                                                                 
3268J,0,0,0,1,0,0,0,20251204,20251204                                                                                                                 
3269V,0,0,0,0,1,0,0,20251205,20251205                                                                                                                 
3270S,0,0,0,0,0,1,0,20251206,20251206                                                                                                                 
3271D,0,0,0,0,0,0,1,20251207,20251207                                                                                                                 
3272L,1,0,0,0,0,0,0,20251208,20251208                                                                                                                 
3273M,0,1,0,0,0,0,0,20251209,20251209                                                                                                                 
3274X,0,0,1,0,0,0,0,20251210,20251210                                                                                                                 
3275J,0,0,0,1,0,0,0,20251211,20251211                                                                                                                 
3276V,0,0,0,0,1,0,0,20251212,20251212                                                                                                                 
3277S,0,0,0,0,0,1,0,20251213,20251213                                                                                                                 
3278D,0,0,0,0,0,0,1,20251214,20251214                                                                                                                 
3279L,1,0,0,0,0,0,0,20251215,20251215                                                                                                                 
3280M,0,1,0,0,0,0,0,20251216,20251216                                                                                                                 
3281X,0,0,1,0,0,0,0,20251217,20251217                                                                                                                 
3282J,0,0,0,1,0,0,0,20251218,20251218                                                                                                                 
3283V,0,0,0,0,1,0,0,20251219,20251219                                                                                                                 
3284S,0,0,0,0,0,1,0,20251220,20251220                                                                                                                 
4055V,0,0,0,0,1,0,0,20251121,20251121                                                                                                                 
4056S,0,0,0,0,0,1,0,20251122,20251122                                                                                                                 
4057D,0,0,0,0,0,0,1,20251123,20251123                                                                                                                 
4058L,1,0,0,0,0,0,0,20251124,20251124                                                                                                                 
4059M,0,1,0,0,0,0,0,20251125,20251125                                                                                                                 
4060X,0,0,1,0,0,0,0,20251126,20251126                                                                                                                 
4061J,0,0,0,1,0,0,0,20251127,20251127                                                                                                                 
4062V,0,0,0,0,1,0,0,20251128,20251128                                                                                                                 
4063S,0,0,0,0,0,1,0,20251129,20251129                                                                                                                 
4064D,0,0,0,0,0,0,1,20251130,20251130                                                                                                                 
4065L,1,0,0,0,0,0,0,20251201,20251201                                                                                                                 
4066M,0,1,0,0,0,0,0,20251202,20251202                                                                                                                 
4067X,0,0,1,0,0,0,0,20251203,20251203                                                                                                                 
4068J,0,0,0,1,0,0,0,20251204,20251204                                                                                                                 
4069V,0,0,0,0,1,0,0,20251205,20251205                                                                                                                 
4070S,0,0,0,0,0,1,0,20251206,20251206                                                                                                                 
4071D,0,0,0,0,0,0,1,20251207,20251207                                                                                                                 
4072L,1,0,0,0,0,0,0,20251208,20251208                                                                                                                 
4073M,0,1,0,0,0,0,0,20251209,20251209                                                                                                                 
4074X,0,0,1,0,0,0,0,20251210,20251210                                                                                                                 
4075J,0,0,0,1,0,0,0,20251211,20251211                                                                                                                 
4076V,0,0,0,0,1,0,0,20251212,20251212                                                                                                                 
4077S,0,0,0,0,0,1,0,20251213,20251213                                                                                                                 
4078D,0,0,0,0,0,0,1,20251214,20251214                                                                                                                 
4079L,1,0,0,0,0,0,0,20251215,20251215                                                                                                                 
4080M,0,1,0,0,0,0,0,20251216,20251216                                                                                                                 
4081X,0,0,1,0,0,0,0,20251217,20251217                                                                                                                 
4082J,0,0,0,1,0,0,0,20251218,20251218                                                                                                                 
4083V,0,0,0,0,1,0,0,20251219,20251219                                                                                                                 
4084S,0,0,0,0,0,1,0,20251220,20251220                                                                                                                 
4155V,0,0,0,0,1,0,0,20251121,20251121                                                                                                                 
4156S,0,0,0,0,0,1,0,20251122,20251122                                                                                                                 
4157D,0,0,0,0,0,0,1,20251123,20251123                                                                                                                 
4158L,1,0,0,0,0,0,0,20251124,20251124                                                                                                                 
4159M,0,1,0,0,0,0,0,20251125,20251125                                                                                                                 
4160X,0,0,1,0,0,0,0,20251126,20251126                                                                                                                 
4161J,0,0,0,1,0,0,0,20251127,20251127                                                                                                                 
4162V,0,0,0,0,1,0,0,20251128,20251128                                                                                                                 
4163S,0,0,0,0,0,1,0,20251129,20251129                                                                                                                 
4164D,0,0,0,0,0,0,1,20251130,20251130                                                                                                                 
4165L,1,0,0,0,0,0,0,20251201,20251201                                                                                                                 
4166M,0,1,0,0,0,0,0,20251202,20251202                                                                                                                 
4167X,0,0,1,0,0,0,0,20251203,20251203                                                                                                                 
4168J,0,0,0,1,0,0,0,20251204,20251204                                                                                                                 
4169V,0,0,0,0,1,0,0,20251205,20251205                                                                                                                 
4170S,0,0,0,0,0,1,0,20251206,20251206                                                                                                                 
4171D,0,0,0,0,0,0,1,20251207,20251207                                                                                                                 
4172L,1,0,0,0,0,0,0,20251208,20251208                                                                                                                 
4173M,0,1,0,0,0,0,0,20251209,20251209                                                                                                                 
4174X,0,0,1,0,0,0,0,20251210,20251210                                                                                                                 
4175J,0,0,0,1,0,0,0,20251211,20251211                                                                                                                 
4176V,0,0,0,0,1,0,0,20251212,20251212                                                                                                                 
4177S,0,0,0,0,0,1,0,20251213,20251213                                                                                                                 
4178D,0,0,0,0,0,0,1,20251214,20251214                                                                                                                 
4179L,1,0,0,0,0,0,0,20251215,20251215                                                                                                                 
4180M,0,1,0,0,0,0,0,20251216,20251216                                                                                                                 
4181X,0,0,1,0,0,0,0,20251217,20251217                                                                                                                 
4182J,0,0,0,1,0,0,0,20251218,20251218                                                                                                                 
4183V,0,0,0,0,1,0,0,20251219,20251219                                                                                                                 
4184S,0,0,0,0,0,1,0,20251220,20251220                                                                                                                 
5155V,0,0,0,0,1,0,0,20251121,20251121                                                                                                                 
5156S,0,0,0,0,0,1,0,20251122,20251122                                                                                                                 
5157D,0,0,0,0,0,0,1,20251123,20251123                                                                                                                 
5158L,1,0,0,0,0,0,0,20251124,20251124                                                                                                                 
5159M,0,1,0,0,0,0,0,20251125,20251125                                                                                                                 
5160X,0,0,1,0,0,0,0,20251126,20251126                                                                                                                 
5161J,0,0,0,1,0,0,0,20251127,20251127                                                                                                                 
5162V,0,0,0,0,1,0,0,20251128,20251128                                                                                                                 
5163S,0,0,0,0,0,1,0,20251129,20251129                                                                                                                 
5164D,0,0,0,0,0,0,1,20251130,20251130                                                                                                                 
5165L,1,0,0,0,0,0,0,20251201,20251201                                                                                                                 
5166M,0,1,0,0,0,0,0,20251202,20251202                                                                                                                 
5167X,0,0,1,0,0,0,0,20251203,20251203                                                                                                                 
5168J,0,0,0,1,0,0,0,20251204,20251204                                                                                                                 
5169V,0,0,0,0,1,0,0,20251205,20251205                                                                                                                 
5170S,0,0,0,0,0,1,0,20251206,20251206                                                                                                                 
5171D,0,0,0,0,0,0,1,20251207,20251207                                                                                                                 
5172L,1,0,0,0,0,0,0,20251208,20251208                                                                                                                 
5173M,0,1,0,0,0,0,0,20251209,20251209                                                                                                                 
5174X,0,0,1,0,0,0,0,20251210,20251210                                                                                                                 
5175J,0,0,0,1,0,0,0,20251211,20251211                                                                                                                 
5176V,0,0,0,0,1,0,0,20251212,20251212                                                                                                                 
5177S,0,0,0,0,0,1,0,20251213,20251213                                                                                                                 
5178D,0,0,0,0,0,0,1,20251214,20251214                                                                                                                 
5179L,1,0,0,0,0,0,0,20251215,20251215                                                                                                                 
5180M,0,1,0,0,0,0,0,20251216,20251216                                                                                                                 
5181X,0,0,1,0,0,0,0,20251217,20251217                                                                                                                 
5182J,0,0,0,1,0,0,0,20251218,20251218                                                                                                                 
5183V,0,0,0,0,1,0,0,20251219,20251219                                                                                                                 
5184S,0,0,0,0,0,1,0,20251220,20251220                                                                                                                 
6055V,0,0,0,0,1,0,0,20251121,20251121                                                                                                                 
6056S,0,0,0,0,0,1,0,20251122,20251122                                                                                                                 
6057D,0,0,0,0,0,0,1,20251123,20251123                                                                                                                 
6058L,1,0,0,0,0,0,0,20251124,20251124                                                                                                                 
6059M,0,1,0,0,0,0,0,20251125,20251125                                                                                                                 
6060X,0,0,1,0,0,0,0,20251126,20251126                                                                                                                 
6061J,0,0,0,1,0,0,0,20251127,20251127                                                                                                                 
6062V,0,0,0,0,1,0,0,20251128,20251128                                                                                                                 
6063S,0,0,0,0,0,1,0,20251129,20251129                                                                                                                 
6064D,0,0,0,0,0,0,1,20251130,20251130                                                                                                                 
6065L,1,0,0,0,0,0,0,20251201,20251201                                                                                                                 
6066M,0,1,0,0,0,0,0,20251202,20251202                                                                                                                 
6067X,0,0,1,0,0,0,0,20251203,20251203                                                                                                                 
6068J,0,0,0,1,0,0,0,20251204,20251204                                                                                                                 
6069V,0,0,0,0,1,0,0,20251205,20251205                                                                                                                 
6070S,0,0,0,0,0,1,0,20251206,20251206                                                                                                                 
6071D,0,0,0,0,0,0,1,20251207,20251207                                                                                                                 
6072L,1,0,0,0,0,0,0,20251208,20251208                                                                                                                 
6073M,0,1,0,0,0,0,0,20251209,20251209                                                                                                                 
6074X,0,0,1,0,0,0,0,20251210,20251210                                                                                                                 
6075J,0,0,0,1,0,0,0,20251211,20251211                                                                                                                 
6076V,0,0,0,0,1,0,0,20251212,20251212                                                                                                                 
6077S,0,0,0,0,0,1,0,20251213,20251213                                                                                                                 
6078D,0,0,0,0,0,0,1,20251214,20251214                                                                                                                 
6079L,1,0,0,0,0,0,0,20251215,20251215                                                                                                                 
6080M,0,1,0,0,0,0,0,20251216,20251216                                                                                                                 
6081X,0,0,1,0,0,0,0,20251217,20251217                                                                                                                 
6082J,0,0,0,1,0,0,0,20251218,20251218                                                                                                                 
6083V,0,0,0,0,1,0,0,20251219,20251219                                                                                                                 
6084S,0,0,0,0,0,1,0,20251220,20251220                                                                                                                 
6155V,0,0,0,0,1,0,0,20251121,20251121                                                                                                                 
6156S,0,0,0,0,0,1,0,20251122,20251122                                                                                                                 
6157D,0,0,0,0,0,0,1,20251123,20251123                                                                                                                 
6158L,1,0,0,0,0,0,0,20251124,20251124                                                                                                                 
6159M,0,1,0,0,0,0,0,20251125,20251125                                                                                                                 
6160X,0,0,1,0,0,0,0,20251126,20251126                                                                                                                 
6161J,0,0,0,1,0,0,0,20251127,20251127                                                                                                                 
6162V,0,0,0,0,1,0,0,20251128,20251128                                                                                                                 
6163S,0,0,0,0,0,1,0,20251129,20251129                                                                                                                 
6164D,0,0,0,0,0,0,1,20251130,20251130                                                                                                                 
6165L,1,0,0,0,0,0,0,20251201,20251201                                                                                                                 
6166M,0,1,0,0,0,0,0,20251202,20251202                                                                                                                 
6167X,0,0,1,0,0,0,0,20251203,20251203                                                                                                                 
6168J,0,0,0,1,0,0,0,20251204,20251204                                                                                                                 
6169V,0,0,0,0,1,0,0,20251205,20251205                                                                                                                 
6170S,0,0,0,0,0,1,0,20251206,20251206                                                                                                                 
6171D,0,0,0,0,0,0,1,20251207,20251207                                                                                                                 
6172L,1,0,0,0,0,0,0,20251208,20251208                                                                                                                 
6173M,0,1,0,0,0,0,0,20251209,20251209                                                                                                                 
6174X,0,0,1,0,0,0,0,20251210,20251210                                                                                                                 
6175J,0,0,0,1,0,0,0,20251211,20251211                                                                                                                 
6176V,0,0,0,0,1,0,0,20251212,20251212                                                                                                                 
6177S,0,0,0,0,0,1,0,20251213,20251213                                                                                                                 
6178D,0,0,0,0,0,0,1,20251214,20251214                                                                                                                 
6179L,1,0,0,0,0,0,0,20251215,20251215                                                                                                                 
6180M,0,1,0,0,0,0,0,20251216,20251216                                                                                                                 
6181X,0,0,1,0,0,0,0,20251217,20251217                                                                                                                 
6182J,0,0,0,1,0,0,0,20251218,20251218                                                                                                                 
6183V,0,0,0,0,1,0,0,20251219,20251219                                                                                                                 
6184S,0,0,0,0,0,1,0,20251220,20251220                                                                                                                 
6255V,0,0,0,0,1,0,0,20251121,20251121                                                                                                                 
6256S,0,0,0,0,0,1,0,20251122,20251122                                                                                                                 
6257D,0,0,0,0,0,0,1,20251123,20251123                                                                                                                 
6258L,1,0,0,0,0,0,0,20251124,20251124                                                                                                                 
6259M,0,1,0,0,0,0,0,20251125,20251125                                                                                                                 
6260X,0,0,1,0,0,0,0,20251126,20251126                                                                                                                 
6261J,0,0,0,1,0,0,0,20251127,20251127                                                                                                                 
6262V,0,0,0,0,1,0,0,20251128,20251128                                                                                                                 
6263S,0,0,0,0,0,1,0,20251129,20251129                                                                                                                 
6264D,0,0,0,0,0,0,1,20251130,20251130                                                                                                                 
6265L,1,0,0,0,0,0,0,20251201,20251201                                                                                                                 
6266M,0,1,0,0,0,0,0,20251202,20251202                                                                                                                 
6267X,0,0,1,0,0,0,0,20251203,20251203                                                                                                                 
6268J,0,0,0,1,0,0,0,20251204,20251204                                                                                                                 
6269V,0,0,0,0,1,0,0,20251205,20251205                                                                                                                 
6270S,0,0,0,0,0,1,0,20251206,20251206                                                                                                                 
6271D,0,0,0,0,0,0,1,20251207,20251207                                                                                                                 
6272L,1,0,0,0,0,0,0,20251208,20251208                                                                                                                 
6273M,0,1,0,0,0,0,0,20251209,20251209                                                                                                                 
6274X,0,0,1,0,0,0,0,20251210,20251210                                                                                                                 
6275J,0,0,0,1,0,0,0,20251211,20251211                                                                                                                 
6276V,0,0,0,0,1,0,0,20251212,20251212                                                                                                                 
6277S,0,0,0,0,0,1,0,20251213,20251213                                                                                                                 
6278D,0,0,0,0,0,0,1,20251214,20251214                                                                                                                 
6279L,1,0,0,0,0,0,0,20251215,20251215                                                                                                                 
6280M,0,1,0,0,0,0,0,20251216,20251216                                                                                                                 
6281X,0,0,1,0,0,0,0,20251217,20251217                                                                                                                 
6282J,0,0,0,1,0,0,0,20251218,20251218                                                                                                                 
6283V,0,0,0,0,1,0,0,20251219,20251219                                                                                                                 
6284S,0,0,0,0,0,1,0,20251220,20251220                                                                                                                 
7055V,0,0,0,0,1,0,0,20251121,20251121                                                                                                                 
7056S,0,0,0,0,0,1,0,20251122,20251122                                                                                                                 
7057D,0,0,0,0,0,0,1,20251123,20251123                                                                                                                 
7058L,1,0,0,0,0,0,0,20251124,20251124                                                                                                                 
7059M,0,1,0,0,0,0,0,20251125,20251125                                                                                                                 
7060X,0,0,1,0,0,0,0,20251126,20251126                                                                                                                 
7061J,0,0,0,1,0,0,0,20251127,20251127                                                                                                                 
7062V,0,0,0,0,1,0,0,20251128,20251128                                                                                                                 
7063S,0,0,0,0,0,1,0,20251129,20251129                                                                                                                 
7064D,0,0,0,0,0,0,1,20251130,20251130                                                                                                                 
7065L,1,0,0,0,0,0,0,20251201,20251201                                                                                                                 
7066M,0,1,0,0,0,0,0,20251202,20251202                                                                                                                 
7067X,0,0,1,0,0,0,0,20251203,20251203                                                                                                                 
7068J,0,0,0,1,0,0,0,20251204,20251204                                                                                                                 
7069V,0,0,0,0,1,0,0,20251205,20251205                                                                                                                 
7070S,0,0,0,0,0,1,0,20251206,20251206                                                                                                                 
7071D,0,0,0,0,0,0,1,20251207,20251207                                                                                                                 
7072L,1,0,0,0,0,0,0,20251208,20251208                                                                                                                 
7073M,0,1,0,0,0,0,0,20251209,20251209                                                                                                                 
7074X,0,0,1,0,0,0,0,20251210,20251210                                                                                                                 
7075J,0,0,0,1,0,0,0,20251211,20251211                                                                                                                 
7076V,0,0,0,0,1,0,0,20251212,20251212                                                                                                                 
7077S,0,0,0,0,0,1,0,20251213,20251213                                                                                                                 
7078D,0,0,0,0,0,0,1,20251214,20251214                                                                                                                 
7079L,1,0,0,0,0,0,0,20251215,20251215                                                                                                                 
7080M,0,1,0,0,0,0,0,20251216,20251216                                                                                                                 
7081X,0,0,1,0,0,0,0,20251217,20251217                                                                                                                 
7082J,0,0,0,1,0,0,0,20251218,20251218                                                                                                                 
7083V,0,0,0,0,1,0,0,20251219,20251219                                                                                                                 
7084S,0,0,0,0,0,1,0,20251220,20251220                                                                                                                 
